                         OCC  OCC_BASELINE  OCC_RECENT  NONZERO_YEARS   PO  PF  NP  GROWTH_RATE  GROWTH_RATE_RATIO
CONCEPT_NORM                                                                                                      
performance               48             9          20             10  1.0   9   9    27.651801           0.706846
strategy                  45             8          20             10  1.0  11   9    30.529988           0.780419
organization              43             9          15             10  1.0   8   8    29.683955           0.758792
influence                 43             8          19             10  1.0   8   9    25.992105           0.664420
change                    38             4          16             10  1.0   6   9    22.028494           0.563101
relationship              38             5          20              9  1.0   8   9    25.992105           0.664420
decision making           35             4          13             10  1.0   6   9    22.028494           0.563101
resource                  34             4           8             10  1.0   9   9    27.651801           0.706846
construction              34             6          14             10  1.0   6   8    25.103340           0.641701
government                33             5          12             10  1.0   7   9    24.136582           0.616988
sustainability            32             2          14              9  1.0   6   8    25.103340           0.641701
risk                      31             6          11              9  1.0   5   7    25.849895           0.660785
interaction               31             5          15             10  1.0   7   9    24.136582           0.616988
demand                    31             7          13             10  1.0   6   9    22.028494           0.563101
process                   30             7          10             10  1.0   7   8    27.537311           0.703919
insight                   28             3          18              6  1.0  12   8    36.426160           0.931139
trend                     28             3          16              9  1.0  10   7    38.949549           0.995643
sustainable development   27             6           8             10  1.0   5   9    19.581317           0.500545
environment               27             8           4             10  1.0   7   5    47.577316           1.216189
supply chain              25             5           6              8  1.0   8   6    41.421356           1.058828
challenge                 25             1          17              7  1.0   9   8    31.607401           0.807960
water                     24             3           7              9  1.0   5   7    25.849895           0.660785
efficiency                24             3          12              9  1.0   6   7    29.170834           0.745676
industry                  23             1          10              8  1.0   5   9    19.581317           0.500545
country                   23             4           8              9  1.0   5   6    30.766049           0.786453
complexity                23             4          11             10  1.0   5   8    22.284454           0.569644
production                23             6           8              9  1.0   5   9    19.581317           0.500545
implementation            22             4           8              9  1.0   7   9    24.136582           0.616988
region                    22             5           8             10  1.0   5   9    19.581317           0.500545
growth                    22             4           9              9  1.0   5   6    30.766049           0.786453
technology                21             3          13              7  1.0   7   5    47.577316           1.216189
water resource            21             1           9              8  1.0   5   7    25.849895           0.660785
information               21             2          10              9  1.0   5   9    19.581317           0.500545
economy                   20             5           6              9  1.0   4   6    25.992105           0.664420
operation                 20             1           3              7  1.0   6   9    22.028494           0.563101
stakeholder               19             4          13              7  1.0   5   7    25.849895           0.660785
improvement               18             2           8              8  1.0   5   8    22.284454           0.569644
uncertainty               18             4           7              9  1.0   3   5    24.573094           0.628147
understand                18             4           8              7  1.0   5   6    30.766049           0.786453
investment                18             3           7              8  1.0   3   5    24.573094           0.628147
waste                     17             3           5              9  1.0   4   7    21.901365           0.559851
project                   17             4           9              7  1.0   4   5    31.950791           0.816738
innovation                17             0           6              6  1.0   4   2   100.000000           2.556237
potential                 17             2          10              7  1.0   5   6    30.766049           0.786453
price                     16             2           8              8  1.0   3   6    20.093696           0.513643
policymaker               16             1          11              6  1.0   8   7    34.590019           0.884203
characteristic            16             5           5              8  1.0   3   3    44.224957           1.130495
knowledge                 16             2           5              8  1.0   6   9    22.028494           0.563101
effectiveness             16             0          12              5  1.0   6   4    56.508458           1.444490
evolution                 15             0           9              7  1.0   6   6    34.800615           0.889586
benefit                   14             0           6              6  1.0   3   5    24.573094           0.628147
planning                  14             0           3              5  1.0   6   1   500.000000          12.781186
condition                 14             1           9              7  1.0   5   8    22.284454           0.569644
value                     13             1           3              7  1.0   4   7    21.901365           0.559851
causal relationship       13             2           6              6  1.0   4   4    41.421356           1.058828
dimension                 11             0           8              5  1.0   5   3    70.997595           1.814867
goal                      11             0           7              6  1.0   4   6    25.992105           0.664420
carbon dioxide            10             2           5              7  1.0   3   5    24.573094           0.628147
scenario analysis         10             5           4              5  1.0   5   3    70.997595           1.814867
degree                    10             1           4              5  1.0   4   7    21.901365           0.559851
response                  10             1           7              5  1.0   4   7    21.901365           0.559851
analyze                    9             2           5              5  1.0   4   5    31.950791           0.816738
allocation                 9             3           1              6  1.0   3   6    20.093696           0.513643
resilience                 9             0           5              4  1.0   4   3    58.740105           1.501536
losse                      9             0           6              5  1.0   3   3    44.224957           1.130495
management strategy        9             2           3              5  1.0   3   4    31.607401           0.807960
subsidy                    9             0           6              5  1.0   3   3    44.224957           1.130495
economic growth            9             0           3              5  1.0   3   6    20.093696           0.513643
urbanization               8             0           3              4  1.0   4   5    31.950791           0.816738
participation              8             0           3              4  1.0   5   2   123.606798           3.159683
applicability              8             3           2              5  1.0   3   5    24.573094           0.628147
selection                  8             0           1              4  1.0   5   6    30.766049           0.786453
carbon emission            8             0           6              5  1.0   3   4    31.607401           0.807960
logistic                   8             0           2              4  1.0   4   2   100.000000           2.556237
intensity                  8             0           6              5  1.0   3   5    24.573094           0.628147
decision support           7             5           1              4  1.0   3   5    24.573094           0.628147
food security              7             1           4              4  1.0   4   7    21.901365           0.559851
coordination               7             0           4              4  1.0   3   2    73.205081           1.871296
model validation           7             0           2              4  1.0   4   4    41.421356           1.058828